18
49
3
22
59
12
25
44
49
37
69
64
76
91
77
29
30
48
36
54
46
65
88
40
47
21
53
80
76
57
82
6
52
91
78
92
2
84
38
36
49
17
65
80
81
42
80
10
24
90
84
84
48
35
34
50
79
39
22
22
30
23
87
76
14
37
72
90
61
42
71
6
35
24
51
86
54
34
20
74
95
61
37
89
88
79
46
53
5
13
56
79
96
22
34
35
1
99
62
70
79
55
13
75
75
57
94
75
47
13
35
39
93
62
59
75
72
33
23
85
35
10
37
55
5
87
4
3
94
5
33
69
74
80
34
76
20
26
47
60
87
86
29
99
66
70
1
73
0
55
0
72
87
79
55
91
17
49
6
6
85
93
2
71
95
56
49
13
41
36
51
66
100
0
40
25
57
100
51
58
2
99
100
3
28
42
36
41
65
40
1
63
46
74
91
95
94
78
39
12
78
50
81
56
8
57
76
25
16
31
39
4
65
92
100
9
71
18
55
2
33
2
52
63
43